500	10	3
1	10	3
2	15	2
3	14	2
4	17	1
5	13	1
6	14	1
7	13	2
8	18	3
9	18	1
10	19	3
11	10	2
12	16	1
13	13	1
14	12	1
15	19	2
16	14	2
17	19	3
18	8	3
19	12	1
20	12	1
21	17	3
22	9	2
23	15	3
24	9	1
25	14	2
26	15	3
27	12	1
28	20	1
29	19	2
30	20	2
31	20	2
32	19	2
33	20	2
34	7	3
35	16	3
36	19	1
37	16	2
38	9	2
39	11	3
40	16	2
41	15	1
42	14	1
43	19	2
44	7	1
45	15	3
46	10	1
47	16	1
48	11	2
49	13	3
50	13	2
51	9	3
52	13	1
53	11	2
54	17	3
55	19	3
56	9	3
57	12	2
58	11	3
59	13	3
60	7	2
61	19	2
62	10	2
63	12	3
64	10	2
65	20	3
66	12	2
67	19	1
68	15	2
69	13	3
70	13	1
71	15	2
72	17	1
73	13	2
74	9	3
75	11	3
76	10	2
77	12	2
78	8	3
79	11	3
80	12	3
81	9	3
82	9	1
83	7	2
84	19	2
85	19	1
86	16	2
87	10	1
88	12	1
89	12	1
90	19	3
91	9	1
92	14	3
93	19	2
94	18	3
95	18	3
96	15	1
97	14	3
98	12	1
99	19	1
100	7	3
101	17	3
102	10	3
103	10	1
104	13	2
105	15	1
106	12	3
107	20	3
108	18	2
109	17	1
110	19	1
111	7	3
112	10	2
113	19	1
114	17	3
115	9	1
116	17	1
117	12	3
118	11	3
119	8	3
120	12	3
121	20	3
122	19	1
123	16	2
124	20	2
125	20	3
126	7	2
127	19	3
128	7	1
129	20	2
130	10	2
131	16	1
132	20	3
133	13	3
134	9	1
135	12	1
136	16	1
137	8	2
138	9	1
139	14	2
140	11	1
141	13	1
142	17	1
143	17	3
144	7	3
145	12	1
146	10	1
147	15	3
148	13	2
149	14	1
150	15	1
151	9	2
152	8	2
153	11	2
154	13	1
155	20	1
156	17	3
157	12	2
158	8	3
159	16	3
160	11	1
161	14	3
162	12	3
163	10	2
164	16	1
165	20	1
166	13	1
167	12	2
168	8	3
169	13	3
170	9	3
171	18	3
172	8	2
173	16	3
174	8	3
175	19	2
176	11	3
177	15	2
178	11	2
179	16	1
180	17	2
181	14	2
182	7	3
183	10	3
184	9	2
185	10	3
186	20	1
187	15	3
188	15	2
189	9	1
190	16	3
191	14	3
192	20	3
193	19	1
194	8	3
195	17	3
196	14	3
197	14	3
198	15	3
199	19	3
200	16	1
201	18	1
202	19	2
203	20	3
204	10	1
205	9	1
206	9	2
207	7	3
208	15	2
209	16	1
210	15	1
211	14	1
212	19	3
213	8	1
214	19	3
215	20	1
216	15	3
217	11	3
218	7	2
219	10	2
220	14	2
221	19	1
222	16	1
223	8	2
224	17	2
225	11	3
226	10	1
227	9	2
228	19	3
229	19	1
230	19	1
231	15	1
232	17	2
233	12	1
234	13	2
235	12	2
236	9	1
237	11	2
238	8	3
239	19	3
240	15	3
241	16	3
242	13	1
243	15	2
244	20	1
245	10	2
246	19	2
247	10	3
248	15	3
249	12	1
250	13	1
251	8	3
252	15	1
253	13	2
254	14	3
255	10	2
256	7	2
257	9	3
258	7	2
259	8	2
260	9	1
261	8	1
262	11	2
263	13	1
264	13	1
265	15	3
266	17	1
267	16	1
268	19	1
269	10	3
270	14	1
271	16	3
272	14	2
273	16	2
274	14	1
275	19	1
276	13	2
277	10	1
278	12	3
279	19	2
280	20	3
281	10	1
282	19	3
283	12	2
284	15	1
285	20	3
286	16	1
287	19	3
288	14	1
289	14	1
290	10	1
291	11	1
292	9	3
293	9	2
294	12	1
295	10	1
296	17	1
297	20	1
298	18	3
299	10	1
300	13	2
301	14	1
302	19	3
303	19	1
304	12	2
305	14	1
306	11	2
307	15	2
308	17	3
309	8	2
310	9	2
311	15	2
312	13	1
313	18	3
314	12	3
315	13	3
316	16	1
317	7	3
318	20	1
319	9	2
320	8	3
321	17	3
322	16	2
323	11	3
324	18	2
325	15	1
326	18	1
327	18	3
328	14	2
329	11	3
330	12	3
331	15	2
332	8	3
333	11	1
334	20	2
335	8	2
336	18	3
337	13	2
338	19	3
339	16	3
340	17	3
341	16	3
342	11	3
343	8	1
344	14	2
345	7	2
346	11	1
347	8	2
348	16	2
349	19	2
350	19	2
351	7	1
352	19	3
353	8	1
354	12	3
355	12	1
356	17	2
357	18	2
358	20	1
359	11	1
360	8	3
361	9	1
362	18	2
363	14	2
364	19	3
365	12	1
366	10	3
367	18	2
368	12	3
369	16	1
370	17	1
371	9	1
372	10	3
373	7	2
374	16	1
375	7	2
376	8	3
377	17	3
378	10	1
379	7	3
380	10	3
381	15	1
382	11	3
383	16	2
384	7	2
385	7	1
386	14	1
387	19	1
388	15	1
389	16	3
390	16	1
391	8	3
392	8	3
393	8	1
394	20	2
395	16	2
396	19	2
397	15	3
398	18	3
399	14	2
400	18	1
401	15	3
402	18	1
403	14	3
404	11	2
405	7	1
406	18	1
407	16	1
408	10	3
409	11	3
410	11	1
411	16	2
412	19	2
413	16	1
414	12	1
415	7	3
416	11	2
417	7	3
418	12	1
419	9	2
420	8	1
421	14	3
422	13	3
423	7	3
424	16	1
425	8	1
426	15	3
427	20	3
428	13	3
429	10	1
430	9	2
431	9	2
432	20	3
433	18	1
434	10	1
435	14	3
436	8	3
437	20	2
438	12	3
439	11	3
440	17	2
441	16	1
442	16	1
443	19	2
444	7	2
445	9	3
446	14	3
447	12	3
448	20	3
449	12	2
450	15	3
451	15	2
452	12	1
453	11	3
454	18	1
455	18	3
456	10	1
457	11	3
458	10	3
459	14	2
460	11	1
461	8	3
462	7	3
463	20	3
464	7	1
465	12	2
466	13	2
467	14	2
468	18	2
469	15	2
470	17	1
471	9	1
472	15	1
473	10	3
474	12	2
475	9	3
476	15	3
477	8	3
478	10	1
479	7	2
480	11	2
481	18	1
482	13	1
483	9	3
484	17	3
485	12	2
486	20	1
487	19	3
488	13	2
489	20	3
490	11	2
491	12	2
492	9	2
493	13	2
494	20	3
495	11	3
496	17	3
497	15	2
498	7	2
499	8	2
500	13	1
0	6	6
5	0	9
8	5	0